Timetable_Instance_8_1

24
8
5
0
8
12

Event_1
Event_2
Event_3
Event_4
Event_5
Event_6
Event_7
Event_8
Event_9
Event_10
Event_11
Event_12
Event_13
Event_14
Event_15
Event_16
Event_17
Event_18
Event_19
Event_20
Event_21
Event_22
Event_23
Event_24

Eventgroup_1
Eventgroup_2
Eventgroup_3
Eventgroup_4
Eventgroup_5
Eventgroup_6
Eventgroup_7
Eventgroup_8

Room_1
Room_2
Room_3
Room_4
Room_5
Room_6
Room_7
Room_8

0	0	0	1	0	0	0	0	0	0	0	0	0	0	1	0	0	0	0	0	0	0	0	1
0	1	0	0	0	0	0	0	0	1	0	0	0	0	0	1	0	0	0	0	0	0	0	0
0	0	1	0	0	0	0	1	0	0	0	0	0	1	0	0	1	0	0	0	0	0	1	0
0	0	0	0	0	0	0	0	0	0	0	1	0	0	0	0	0	0	1	0	1	0	0	0
0	0	0	0	1	1	0	0	0	0	1	0	0	0	0	0	0	0	0	1	0	0	0	0
0	0	0	0	0	0	0	0	0	0	0	0	1	0	0	0	0	0	0	0	0	0	0	0
1	0	0	0	0	0	1	0	0	0	0	0	0	0	0	0	0	0	0	0	0	0	0	0
0	0	0	0	0	0	0	0	1	0	0	0	0	0	0	0	0	1	0	0	0	1	0	0

1	1	1	1	0	0	1	0
1	1	1	1	1	1	1	1
0	0	1	0	0	0	1	0
1	1	0	1	1	1	1	1
0	0	1	1	0	1	0	0
1	1	0	1	1	1	1	1
1	1	1	1	1	1	1	1
0	1	1	0	1	1	1	1
1	1	1	0	1	1	1	0
1	1	1	0	1	1	1	1
1	1	1	1	1	1	1	1
0	1	0	0	1	1	1	1
1	1	1	1	1	1	1	1
1	1	1	1	1	0	1	1
1	1	1	1	0	0	0	1
1	1	0	0	0	1	1	0
0	1	1	0	1	1	0	1
1	1	1	1	0	1	1	0
1	1	1	1	1	1	1	0
0	0	0	1	0	1	0	0
1	0	1	0	1	0	1	0
0	1	1	1	1	1	1	1
1	0	1	1	1	0	1	1
0	1	0	1	1	1	1	1

6
15
23
8
22
22
6
23
21
15
22
22
15
23
8
15
23
21
22
22
22
21
23
8

8
15
23
22
22
15
6
21

0	0	0	0	0	0	1	0	0	0	1	0	0	0	0	0	0	0	0	0	0	0	0	0
0	0	0	0	0	0	0	0	0	1	0	1	0	0	0	0	0	0	0	0	0	0	0	0
0	0	0	0	1	0	0	0	0	0	0	0	0	0	0	0	0	0	0	0	0	0	0	1
1	0	0	0	0	0	0	1	0	0	0	0	0	0	0	0	0	0	0	0	0	0	0	0
0	0	1	0	0	0	0	0	0	0	0	0	0	0	0	0	0	0	0	0	1	0	0	0
0	0	0	0	0	0	0	0	0	0	0	0	0	0	0	1	1	0	0	0	0	0	0	0
0	0	0	0	0	0	0	0	1	0	0	0	0	0	0	0	0	0	1	0	0	0	0	0
0	0	0	0	0	0	0	0	0	0	0	0	1	0	0	0	0	0	0	0	0	1	0	0
0	0	0	0	0	1	0	0	0	0	0	0	0	0	1	0	0	0	0	0	0	0	0	0
0	1	0	0	0	0	0	0	0	0	0	0	0	0	0	0	0	1	0	0	0	0	0	0
0	0	0	1	0	0	0	0	0	0	0	0	0	0	0	0	0	0	0	0	0	0	1	0
0	0	0	0	0	0	0	0	0	0	0	0	0	1	0	0	0	0	0	1	0	0	0	0

20	15	20	5	0
10	15	15	15	10
20	0	0	0	10
15	15	10	5	5
0	0	20	0	20
15	10	15	10	10
0	15	20	0	5
15	10	10	5	10
0	20	15	0	5
0	10	15	20	10
10	5	0	5	0
5	20	20	5	5
15	20	0	0	10
0	20	15	5	10
0	20	15	20	15
15	0	20	5	20
5	20	10	0	15
10	0	15	0	0
15	10	10	15	10
5	5	0	15	10
10	10	5	0	10
0	0	10	15	15
10	5	10	20	15
10	20	20	0	20

0
0
0
0
0
0
0
0