Timetable_Instance_B_8_5

32
8
5
0
8
16

Event_1
Event_2
Event_3
Event_4
Event_5
Event_6
Event_7
Event_8
Event_9
Event_10
Event_11
Event_12
Event_13
Event_14
Event_15
Event_16
Event_17
Event_18
Event_19
Event_20
Event_21
Event_22
Event_23
Event_24
Event_25
Event_26
Event_27
Event_28
Event_29
Event_30
Event_31
Event_32

Eventgroup_1
Eventgroup_2
Eventgroup_3
Eventgroup_4
Eventgroup_5
Eventgroup_6
Eventgroup_7
Eventgroup_8

Room_1
Room_2
Room_3
Room_4
Room_5
Room_6
Room_7
Room_8

1	0	0	0	0	0	0	0	0	0	0	0	0	0	1	0	0	1	0	0	0	0	0	0	0	0	0	1	0	0	0	0
0	0	0	1	0	0	0	1	0	0	0	0	0	0	0	0	1	0	0	0	0	0	0	0	0	0	1	0	0	0	0	0
0	0	0	0	0	0	0	0	0	1	0	0	0	0	0	0	0	0	0	0	1	0	0	0	0	0	0	0	0	1	0	0
0	1	0	0	0	0	0	0	1	0	0	0	0	0	0	0	0	0	1	0	0	0	0	0	0	0	0	0	0	0	0	1
0	0	0	0	0	0	0	0	0	0	0	0	1	0	0	0	0	0	0	1	0	0	0	0	0	0	0	0	0	0	1	0
0	0	0	0	1	0	1	0	0	0	0	0	0	0	0	0	0	0	0	0	0	0	0	1	0	1	0	0	0	0	0	0
0	0	1	0	0	0	0	0	0	0	0	1	0	0	0	1	0	0	0	0	0	1	0	0	1	0	0	0	0	0	0	0
0	0	0	0	0	1	0	0	0	0	1	0	0	1	0	0	0	0	0	0	0	0	1	0	0	0	0	0	1	0	0	0

1	0	1	1	0	1	1	1
1	1	1	1	0	1	1	0
1	0	0	1	0	0	1	1
1	1	1	0	0	1	0	1
1	1	0	1	0	1	0	0
1	0	0	1	1	0	1	1
0	1	1	1	1	1	1	1
0	1	0	1	1	1	1	0
1	0	1	0	0	1	1	1
0	1	1	0	1	1	1	1
0	0	1	1	1	1	0	1
1	1	0	1	1	1	0	1
1	1	1	1	0	1	1	0
1	1	0	1	0	1	0	1
1	1	0	1	1	1	1	1
1	0	1	1	1	1	0	1
1	0	1	0	0	1	1	0
1	1	1	1	0	1	1	1
1	1	1	1	1	1	0	0
1	0	0	0	1	1	1	0
0	1	0	1	0	1	1	1
1	1	0	1	1	1	1	1
0	1	1	1	1	0	1	1
1	1	1	1	0	1	1	1
1	0	1	1	1	1	1	0
1	1	0	1	0	0	1	1
0	1	1	0	0	0	1	1
1	1	0	1	1	1	0	0
1	1	1	1	1	1	0	1
1	1	1	1	1	0	1	1
0	0	1	1	1	0	1	1
1	1	0	1	1	1	1	1

11
14
9
22
17
17
17
22
14
7
17
9
12
17
11
9
22
11
14
12
7
9
17
17
9
17
22
11
17
7
12
14

11
22
7
14
12
17
9
17

0	0	0	0	0	0	0	0	0	0	0	0	0	0	0	0	0	0	0	0	0	1	0	0	0	0	1	0	0	0	0	0
0	0	0	0	0	0	0	0	0	0	0	0	0	0	0	0	0	0	0	0	0	0	0	1	0	0	0	0	0	0	1	0
0	0	0	0	0	0	0	0	0	0	0	0	0	0	1	1	0	0	0	0	0	0	0	0	0	0	0	0	0	0	0	0
0	0	0	0	0	0	0	0	0	0	0	0	0	0	0	0	0	0	0	0	0	0	0	0	0	1	0	0	0	1	0	0
0	0	1	0	0	0	0	0	0	0	0	0	0	0	0	0	0	1	0	0	0	0	0	0	0	0	0	0	0	0	0	0
0	0	0	0	0	1	0	0	0	0	0	0	0	0	0	0	1	0	0	0	0	0	0	0	0	0	0	0	0	0	0	0
0	0	0	0	0	0	0	0	0	0	0	0	0	0	0	0	0	0	1	0	0	0	1	0	0	0	0	0	0	0	0	0
0	0	0	1	0	0	0	0	0	0	0	0	0	0	0	0	0	0	0	0	1	0	0	0	0	0	0	0	0	0	0	0
0	0	0	0	0	0	0	0	0	1	1	0	0	0	0	0	0	0	0	0	0	0	0	0	0	0	0	0	0	0	0	0
0	0	0	0	0	0	0	0	0	0	0	0	1	1	0	0	0	0	0	0	0	0	0	0	0	0	0	0	0	0	0	0
0	0	0	0	1	0	1	0	0	0	0	0	0	0	0	0	0	0	0	0	0	0	0	0	0	0	0	0	0	0	0	0
0	1	0	0	0	0	0	0	0	0	0	0	0	0	0	0	0	0	0	0	0	0	0	0	0	0	0	0	1	0	0	0
0	0	0	0	0	0	0	0	0	0	0	0	0	0	0	0	0	0	0	1	0	0	0	0	0	0	0	0	0	0	0	1
0	0	0	0	0	0	0	0	1	0	0	1	0	0	0	0	0	0	0	0	0	0	0	0	0	0	0	0	0	0	0	0
1	0	0	0	0	0	0	1	0	0	0	0	0	0	0	0	0	0	0	0	0	0	0	0	0	0	0	0	0	0	0	0
0	0	0	0	0	0	0	0	0	0	0	0	0	0	0	0	0	0	0	0	0	0	0	0	1	0	0	1	0	0	0	0

0	5	20	0	5
0	0	15	10	10
10	10	15	10	5
20	20	10	5	5
5	20	20	20	0
20	20	5	0	5
15	5	20	20	10
15	5	5	20	10
20	15	5	10	5
20	15	20	0	20
10	20	10	5	20
5	5	5	10	10
0	15	10	5	20
5	5	5	0	10
15	20	0	20	5
0	0	5	20	5
0	5	10	15	0
15	0	20	0	15
5	20	20	20	10
10	20	10	0	15
0	5	20	10	10
20	10	0	20	5
10	10	15	20	15
15	10	10	0	0
0	10	10	10	0
15	10	15	20	10
5	0	0	5	5
20	10	0	5	20
15	20	10	10	10
10	20	10	10	0
10	15	0	15	0
0	15	20	0	0

0
0
0
0
0
0
0
0