Timetable_Instance_8_2

26
8
5
0
8
13

Event_1
Event_2
Event_3
Event_4
Event_5
Event_6
Event_7
Event_8
Event_9
Event_10
Event_11
Event_12
Event_13
Event_14
Event_15
Event_16
Event_17
Event_18
Event_19
Event_20
Event_21
Event_22
Event_23
Event_24
Event_25
Event_26

Eventgroup_1
Eventgroup_2
Eventgroup_3
Eventgroup_4
Eventgroup_5
Eventgroup_6
Eventgroup_7
Eventgroup_8

Room_1
Room_2
Room_3
Room_4
Room_5
Room_6
Room_7
Room_8

1	0	0	0	0	0	0	0	0	0	1	0	0	0	0	1	0	0	0	0	0	0	1	0	0	0
0	0	0	0	0	0	0	1	0	0	0	0	0	0	0	0	0	0	0	0	0	0	0	0	1	0
0	0	1	0	0	0	0	0	0	0	0	0	0	0	0	0	0	0	0	1	0	0	0	0	0	0
0	0	0	0	0	1	0	0	0	1	0	0	0	1	0	0	0	0	0	0	0	0	0	0	0	0
0	1	0	0	0	0	0	0	1	0	0	0	0	0	0	0	0	0	1	0	0	1	0	0	0	0
0	0	0	0	0	0	1	0	0	0	0	0	0	0	0	0	0	0	0	0	0	0	0	1	0	0
0	0	0	1	0	0	0	0	0	0	0	1	0	0	1	0	0	1	0	0	0	0	0	0	0	1
0	0	0	0	1	0	0	0	0	0	0	0	1	0	0	0	1	0	0	0	1	0	0	0	0	0

0	1	0	1	1	1	1	1
0	0	1	1	1	1	1	1
1	1	1	1	1	0	0	1
1	0	1	0	1	1	1	0
1	1	1	0	0	1	0	0
1	0	1	1	1	1	1	1
1	0	1	0	1	1	1	0
0	1	1	1	1	1	1	1
1	1	1	1	0	0	1	0
1	0	0	0	0	1	1	1
0	1	1	1	0	1	0	1
1	1	1	1	1	1	1	1
1	1	1	0	1	0	1	1
1	0	1	1	1	0	1	1
0	0	0	1	1	1	0	1
1	0	1	1	1	0	1	1
1	1	1	1	0	1	0	0
0	1	1	1	1	1	1	1
1	1	1	0	0	1	1	1
1	1	1	1	1	1	0	1
1	0	1	1	0	0	1	1
1	1	1	0	1	1	1	0
0	1	1	1	0	1	0	1
1	0	1	1	1	1	1	1
0	0	0	1	1	0	0	1
1	0	1	0	0	1	1	1

13
13
22
10
23
23
6
16
13
23
13
10
23
23
10
13
23
10
13
22
23
13
13
6
16
10

13
16
22
23
13
6
10
23

0	0	0	0	0	1	0	0	0	1	0	0	0	0	0	0	0	0	0	0	0	0	0	0	0	0
0	0	0	0	0	0	0	0	0	0	0	0	0	0	0	0	0	0	0	0	1	0	0	1	0	0
0	0	0	0	0	0	0	0	0	0	0	0	1	0	0	0	0	0	0	0	0	0	1	0	0	0
0	0	0	0	1	0	0	0	0	0	0	1	0	0	0	0	0	0	0	0	0	0	0	0	0	0
0	1	0	0	0	0	0	0	0	0	0	0	0	0	0	0	0	0	0	0	0	0	0	0	1	0
0	0	0	0	0	0	0	0	0	0	0	0	0	0	0	0	0	1	1	0	0	0	0	0	0	0
0	0	0	0	0	0	0	0	0	0	0	0	0	0	1	0	0	0	0	0	0	1	0	0	0	0
0	0	0	0	0	0	1	0	0	0	0	0	0	0	0	1	0	0	0	0	0	0	0	0	0	0
0	0	0	0	0	0	0	0	0	0	0	0	0	1	0	0	0	0	0	0	0	0	0	0	0	1
0	0	0	1	0	0	0	1	0	0	0	0	0	0	0	0	0	0	0	0	0	0	0	0	0	0
0	0	0	0	0	0	0	0	0	0	0	0	0	0	0	0	1	0	0	1	0	0	0	0	0	0
1	0	0	0	0	0	0	0	1	0	0	0	0	0	0	0	0	0	0	0	0	0	0	0	0	0
0	0	1	0	0	0	0	0	0	0	1	0	0	0	0	0	0	0	0	0	0	0	0	0	0	0

10	15	15	20	5
5	15	20	0	0
20	10	0	5	15
0	0	20	15	0
20	15	20	20	0
15	15	20	10	15
0	0	10	20	15
0	5	20	0	5
10	0	20	0	10
10	5	10	0	10
15	10	0	10	20
20	0	5	20	20
20	5	5	10	10
15	20	15	10	15
20	10	10	20	20
20	20	5	20	20
5	20	20	5	20
10	15	20	15	10
10	0	15	15	15
5	20	0	20	15
5	20	15	0	10
10	15	20	20	5
0	5	20	20	10
5	0	10	5	10
15	20	0	10	5
10	10	20	15	15

0
0
0
0
0
0
0
0